Born gg 0 10 3000000 40 10000000
Born qqb 1 10 3000000 40 10000000
Born qg 2 10 3000000 40 10000000
Born gqb 3 10 3000000 40 10000000
Virtual gg 0 10 180000 40 200000
Virtual qqb 1 10 150000 40 400000
Virtual qg 2 10 150000 40 400000
Virtual  gqb 3 10 150000 40 400000
Real proc0 0 10 300000 40 1000000
Real proc1 1 10 200000 40 500000
Real proc3 3 10 400000 40 1000000
Real proc6 6 10 300000 40 1000000
Real proc7 7 10 300000 40 2000000
Real proc8 8 10 800000 40 2000000
Real proc9 9 10 800000 40 2000000
Real proc11 11 10 400000 40 1000000
Real proc13 13 10 800000 40 2000000
Real proc14 14 10 400000 40 1000000
Real proc15 15 10 400000 40 1000000
Real proc17 17 10 200000 40 500000
Subtractions sub18 18 10 900000 60 10000000
Subtractions sub20 20 10 900000 40 5000000
Subtractions sub21 21 10 900000 40 5000000
Subtractions sub24 24 10 900000 40 5000000
